2043
1817
1614
1452
1350
1317
1356
1462
1624
1832
2062
2288
2491
2652
2752
2786
2747
2641
2477
2267
2042
1814
1613
1454
1348
1313
1350
1456
1623
1830
2058
2286
2490
2650
2750
2781
2740
2636
2472
2268
2041
1813
1608
1446
1343
1312
1352
1460
1628
1833
2063
2291
2491
2650
2755
2788
2749
2642
2477
2271
2043
1815
1611
1452
1349
1316
1357
1462
1627
1833
2061
2290
2493
2654
2758
2790
2749
2646
2480
2274
2046
1819
1615
1453
1351
1319
1358
1462
1629
1837
2063
2293
2494
2657
2758
2792
2750
2645
2481
2276
2047
1821
1616
1455
1352
1317
1357
1464
1629
1837
2065
2293
2496
2655
2758
2789
2750
2644
2478
2272
2043
1820
1614
1455
1350
1314
1354
1461
1627
1834
2062
2292
2496
2655
2756
2789
2748
2643
2478
2273
2047
1819
1615
1454
1349
1315
1354
1459
1626
1833
2062
2291
2493
2654
2754
2792
2757
2652
2487
2279
2049
1819
1615
1453
1351
1316
1356
1461
1625
1829
2057
2286
2491
2654
2759
2792
2757
2648
2479
2272
2042
1814
1612
1451
1348
1312
1349
1457
1624
1829
2058
2288
2493
2654
2756
2789
2749
2641
2475
2268
2043
1814
1610
1449
1346
1311
1351
1456
1622
1830
2058
2290
2495
2658
2756
2789
2751
2643
2476
2271
2043
1816
1612
1454
1349
1316
1356
1460
1629
1835
2063
2291
2494
2656
2756
2789
2749
2642
2479
2274
2048
1820
1615
1453
1352
1318
1357
1468
1633
1830
2069
2297
2498
2658
2758
2792
2754
2649
2486
2278
2048
1822
1618
1454
1353
1320
1360
1467
1633
1839
2066
2292
2496
2658
2759
2794
2755
2649
2482
2274
2047
1820
1614
1453
1356
1320
1360
1466
1630
1837
2064
2293
2497
2656
2758
2791
2751
2644
2480
2274
2047
1819
1612
1450
1351
1316
1355
1461
1627
1834
2063
2290
2494
2654
2755
2787
2747
2641
2477
2270
2043
1814
1612
1454
1347
1314
1354
1461
1624
1832
2062
2289
2492
2652
2752
2787
2747
2639
2474
2268
2041
1815
1611
1450
1347
1314
1351
1461
1625
1833
2063
2287
2493
2653
2752
2786
2747
2641
2477
2269
2043
1817
1613
1452
1352
1319
1357
1461
1627
1832
2060
2289
2496
2658
2758
2789
2750
2643
2480
2275
2047
1818
1616
1455
1353
1318
1358
1463
1631
1839
2066
2293
2499
2658
2759
2790
2751
2646
2481
2275
2048
1819
1614
1454
1355
1323
1360
1466
1632
1838
2068
2292
2498
2659
2760
2793
2753
2646
2481
2276
2046
1820
1616
1455
1354
1320
1357
1466
1632
1840
2066
2293
2497
2657
2759
2793
2754
2647
2483
2275
2046
1818
1616
1453
1354
1319
1358
1464
1631
1838
2066
2292
2497
2656
2757
2790
2751
2642
2479
2272
2047
1817
1613
1455
1349
1319
1362
1469
1638
1843
2066
2293
2494
2652
2751
2784
2746
2641
2474
2268
2035
1808
1604
1452
1349
1318
1360
1465
1627
1832
2061
2289
2491
2652
2752
2785
2744
2636
2471
2265
2040
1813
1611
1450
1350
1316
1355
1463
1628
1835
2063
2290
2491
2653
2752
2786
2745
2640
2476
2271
2043
1818
1615
1454
1348
1318
1357
1461
1628
1836
2065
2290
2492
2653
2753
2790
2749
2645
2479
2273
2046
1820
1614
1454
1352
1318
1360
1466
1630
1837
2064
2293
2495
2658
2759
2794
2753
2646
2481
2275
2047
1820
1616
1457
1357
1322
1357
1466
1631
1838
2068
2296
2502
2663
2764
2794
2754
2646
2480
2274
2050
1822
1617
1453
1354
1318
1352
1461
1628
1835
2065
2296
2498
2657
2758
2792
2749
2646
2481
2273
2047
1818
1613
1454
1349
1312
1352
1459
1628
1837
2067
2293
2494
2655
2752
2784
2747
2644
2478
2270
2039
1814
1609
1451
1348
1314
1353
1458
1623
1832
2059
2291
2496
2659
2755
2786
2745
2639
2473
2268
2042
1816
1611
1451
1345
1314
1352
1462
1628
1836
2064
2287
2490
2650
2752
2786
2745
2644
2479
2273
2047
1819
1611
1448
1342
1309
1351
1463
1628
1838
2066
2292
2495
2652
2754
2788
2747
2642
2480
2273
2046
1820
1614
1456
1352
1317
1354
1463
1628
1837
2065
2295
2499
2659
2758
2791
2750
2644
2477
2275
2047
1820
1615
1454
1351
1317
1355
1463
1631
1838
2069
2297
2499
2659
2761
2791
2751
2645
2480
2273
2047
1820
1615
1454
1349
1317
1356
1465
1630
1836
2066
2292
2497
2657
2759
2792
2753
2645
2478
2271
2042
1816
1615
1457
1351
1317
1356
1462
1628
1835
2061
2290
2494
2654
2756
2791
2752
2646
2479
2271
2043
1816
1613
1452
1347
1315
1355
1462
1627
1834
2062
2291
2496
2657
2757
2790
2755
2650
2486
2279
2046
1815
1611
1453
1348
1314
1351
1460
1624
1828
2056
2286
2492
2654
2759
2792
2752
2644
2480
2271
2046
1815
1607
1451
1343
1312
1352
1458
1623
1830
2059
2289
2492
2656
2758
2791
2753
2643
2479
2269
2043
1814
1609
1450
1348
1315
1352
1451
1627
1836
2063
2294
2496
2657
2756
2787
2750
2644
2477
2269
2042
1813
1608
1449
1345
1312
1351
1459
1631
1836
2064
2292
2495
2657
2758
2791
2750
2641
2473
2268
2042
1815
1612
1450
1348
1316
1355
1462
1629
1836
2063
2290
2494
2656
2758
2790
2750
2645
2476
2270
2043
1815
1611
1454
1347
1314
1353
1462
1630
1836
2067
2295
2496
2657
2759
2790
2750
2643
2476
2271
2043
1816
1610
1455
1350
1317
1357
1463
1630
1837
2065
2293
2496
2656
2760
2789
2747
2640
2476
2271
2044
1817
1615
1456
1348
1315
1353
1461
1630
1837
2067
2294
2497
2655
2757
2788
2749
2641
2478
2271
2043
1815
1611
1450
1349
1314
1355
1460
1627
1834
2064
2292
2495
2655
2756
2790
2751
2642
2476
2269
2041
1815
1613
1454
1347
1314
1354
1461
1628
1836
2064
2292
2494
2655
2757
2792
2752
2645
2478
2271
2043
1816
1613
1457
1352
1317
1354
1463
1630
1834
2065
2293
2497
2658
2757
2790
2748
2643
2478
2271
2043
1817
1613
1452
1350
1318
1357
1464
1631
1839
2065
2295
2496
2657
2759
2790
2750
2644
2477
2273
2045
1815
1612
1450
1349
1317
1358
1464
1632
1838
2067
2295
2499
2659
2761
2794
2751
2646
2479
2273
2045
1819
1615
1453
1353
1319
1357
1464
1629
1838
2065
2294
2499
2660
2762
2795
2753
2645
2480
2272
2045
1817
1614
1457
1353
1319
1359
1461
1630
1839
2066
2293
2497
2656
2758
2790
2751
2642
2477
2270
2043
1816
1611
1450
1349
1320
1361
1471
1638
1844
2070
2294
2496
2655
2757
2790
2747
2640
2475
2268
2037
1812
1605
1449
1348
1315
1357
1468
1632
1839
2067
2290
2494
2652
2752
2785
2746
2638
2475
2268
2038
1812
1610
1452
1349
1317
1355
1464
1631
1836
2064
2293
2494
2652
2752
2786
2746
2640
2475
2269
2044
1816
1614
1453
1350
1316
1355
1462
1628
1836
2065
2291
2494
2654
2755
2788
2749
2644
2478
2270
2044
1816
1614
1452
1352
1318
1357
1464
1629
1836
2065
2294
2496
2659
2759
2791
2751
2645
2481
2273
2046
1819
1614
1451
1351
1319
1356
1463
1630
1838
2066
2297
2499
2658
2759
2793
2753
2646
2482
2275
2047
1817
1613
1454
1355
1319
1360
1466
1632
1839
2068
2296
2500
2662
2761
2796
2753
2645
2479
2274
2046
1820
1615
1455
1352
1318
1356
1463
1631
1838
2067
2294
2495
2657
2756
2789
2752
2647
2480
2272
2042
1816
1611
1450
1348
1319
1357
1463
1629
1835
2061
2291
2496
2657
2758
2789
2750
2642
2476
2272
2042
1814
1609
1452
1349
1316
1355
1462
1630
1837
2064
2293
2496
2655
2756
2790
2749
2646
2478
2271
2042
1815
1612
1451
1350
1315
1357
1463
1627
1837
2066
2293
2496
2658
2760
2792
2751
2645
2479
2272
2045
1817
1615
1454
1352
1319
1356
1463
1628
1836
2062
2292
2497
2658
2759
2791
2751
2644
2478
2272
2044
1816
1616
1452
1351
1320
1358
1465
1630
1839
2068
2296
2497
2659
2760
2792
2751
2644
2478
2270
2045
1821
1615
1454
1353
1319
1358
1466
1631
1838
2069
2298
2501
2659
2761
2794
2753
2648
2481
2272
2045
1817
1614
1452
1352
1319
1359
1466
1632
1837
2066
2293
2497
2658
2760
2795
2752
2644
2476
2269
2042
1814
1610
1454
1353
1319
1358
1463
1630
1836
2063
2291
2496
2657
2759
2791
2755
2649
2483
2277
2047
1816
1610
1454
1346
1310
1355
1461
1625
1830
2057
2286
2492
2657
2760
2793
2754
2645
2478
2269
2038
1810
1606
1448
1345
1314
1351
1453
1619
1830
2060
2290
2494
2653
2754
2788
2749
2643
2476
2270
2042
1812
1610
1450
1345
1310
1351
1458
1627
1833
2060
2287
2491
2652
2753
2787
2747
2639
2474
2266
2039
1811
1610
1453
1349
1316
1354
1461
1629
1838
2067
2296
2501
2661
2762
2792
2753
2645
2478
2273
2042
1815
1612
1451
1351
1319
1360
1466
1633
1840
2069
2297
2502
2661
2763
2792
2752
2643
2475
2271
2044
1818
1615
1455
1352
1320
1360
1469
1632
1840
2072
2299
2499
2661
2758
2792
2750
2644
2479
2273
2050
1821
1616
1455
1353
1317
1357
1464
1633
1841
2070
2296
2498
2659
2760
2791
2750
2643
2477
2271
2044
1817
1611
1455
1349
1315
1356
1463
1630
1839
2063
2292
2494
2654
2756
2790
2746
2640
2473
2267
2040
1813
1608
1448
1346
1312
1350
1458
1625
1831
2061
2291
2494
2654
2756
2785
2746
2639
2471
2266
2038
1810
1608
1450
1347
1312
1352
1459
1629
1834
2061
2292
2494
2655
2754
2787
2750
2640
2473
2269
2039
1812
1609
1451
1346
1314
1355
1462
1627
1837
2063
2290
2492
2653
2753
2790
2748
2642
2474
2268
2041
1814
1610
1454
1350
1316
1355
1464
1629
1835
2067
2294
2497
2657
2757
2790
2748
2643
2479
2272
2044
1815
1614
1456
1351
1317
1356
1464
1633
1841
2067
2296
2500
2660
2760
2793
2753
2646
2480
2273
2045
1818
1614
1455
1354
1322
1357
1466
1633
1840
2068
2296
2498
2660
2761
2792
2750
2646
2479
2271
2044
1816
1613
1456
1352
1320
1357
1464
1629
1837
2065
2294
2496
2656
2760
2790
2748
2641
2474
2267
2039
1814
1610
1452
1348
1316
1358
1471
1639
1846
2073
2297
2497
2653
2754
2787
2744
2636
2468
2262
2033
1806
1602
1447
1345
1311
1354
1460
1630
1837
2066
2292
2493
2653
2752
2785
2743
2634
2469
2262
2037
1810
1607
1450
1346
1313
1355
1462
1629
1835
2063
2289
2490
2650
2751
2782
2744
2636
2472
2267
2039
1812
1608
1451
1349
1315
1355
1463
1629
1835
2065
2291
2494
2656
2756
2788
2747
2638
2477
2269
2042
1813
1610
1450
1350
1320
1357
1464
1631
1837
2064
2292
2497
2658
2759
2791
2752
2644
2478
2272
2045
1817
1614
1459
1353
1321
1360
1468
1634
1841
2068
2297
2499
2660
2762
2792
2753
2648
2479
2272
2043
1817
1614
1452
1354
1321
1360
1467
1635
1841
2067
2294
2498
2660
2761
2795
2753
2645
2478
2270
2044
1816
1614
1451
1353
1320
1359
1466
1633
1841
2068
2295
2501
2661
2759
2792
2752
2642
2476
2269
2042
1815
1610
1453
1347
1315
1354
1462
1629
1835
2066
2293
2498
2659
2761
2790
2751
2645
2477
2269
2041
1813
1608
1452
1348
1315
1356
1463
1628
1837
2063
2291
2496
2655
2756
2788
2747
2641
2475
2268
2041
1813
1609
1450
1348
1315
1354
1464
1629
1835
2064
2292
2495
2655
2756
2789
2749
2639
2474
2266
2037
1812
1610
1452
1348
1315
1354
1463
1630
1837
2064
2292
2497
2656
2759
2790
2750
2641
2476
2269
2042
1818
1612
1454
1351
1318
1357
1464
1631
1841
2070
2296
2500
2660
2760
2792
2750
2645
2478
2273
2044
1818
1615
1452
1353
1320
1359
1466
1634
1842
2069
2297
2501
2660
2761
2793
2755
2646
2480
2274
2044
1818
1609
1455
1354
1323
1360
1467
1635
1842
2070
2299
2504
2663
2761
2793
2753
2645
2478
2267
2040
1813
1611
1453
1352
1317
1357
1466
1633
1840
2071
2298
2497
2657
2755
2788
2750
2647
2484
2282
2050
1819
1611
1449
1347
1316
1355
1462
1626
1830
2058
2287
2492
2654
2757
2790
2751
2643
2474
2270
2040
1813
1609
1450
1344
1311
1350
1459
1624
1831
2061
2288
2492
2653
2755
2788
2748
2639
2472
2264
2038
1810
1607
1446
1345
1311
1351
1457
1628
1835
2065
2293
2496
2658
2758
2792
2753
2644
2476
2268
2039
1809
1606
1451
1347
1315
1354
1463
1630
1838
2067
2294
2497
2660
2760
2792
2751
2644
2477
2270
2041
1815
1611
1452
1353
1321
1360
1468
1634
1841
2069
2297
2500
2662
2764
2794
2755
2646
2478
2272
2045
1818
1615
1456
1355
1322
1360
1470
1637
1844
2072
2300
2503
2663
2760
2795
2754
2646
2480
2275
2045
1819
1613
1454
1351
1321
1361
1469
1636
1843
2070
2299
2500
2658
2758
2790
2751
2645
2478
2271
2043
1816
1612
1450
1350
1319
1359
1464
1633
1837
2066
2293
2496
2656
2755
2787
2747
2640
2473
2267
2042
1814
1609
1452
1344
1313
1353
1460
1629
1835
2065
2293
2493
2654
2753
2787
2744
2636
2470
2264
2036
1812
1608
1450
1344
1313
1351
1458
1627
1838
2065
2291
2496
2656
2754
2787
2746
2640
2474
2267
2039
1812
1609
1452
1347
1313
1355
1461
1627
1838
2067
2294
2497
2656
2758
2788
2749
2641
2474
2269
2043
1816
1610
1452
1351
1317
1358
1466
1634
1841
2069
2296
2500
2661
2761
2794
2752
2644
2478
2272
2043
1816
1612
1452
1352
1320
1360
1466
1635
1842
2068
2297
2500
2660
2758
2790
2752
2643
2479
2273
2045
1817
1615
1455
1354
1321
1362
1468
1633
1841
2070
2297
2500
2660
2761
2791
2748
2641
2476
2268
2040
1814
1608
1451
1348
1315
1359
1465
1630
1839
2068
2294
2499
2658
2757
2789
2748
2641
2473
2267
2039
1811
1607
1449
1345
1316
1358
1468
1638
1843
2071
2295
2495
2654
2757
2790
2745
2637
2468
2259
2030
1804
1603
1446
1345
1316
1355
1462
1629
1837
2067
2295
2497
2655
2753
2780
2739
2631
2465
2260
2037
1810
1608
1451
1347
1312
1352
1460
1629
1839
2065
2292
2493
2651
2751
2782
2744
2638
2473
2264
2036
1813
1608
1451
1348
1316
1355
1463
1628
1837
2064
2292
2497
2657
2757
2788
2747
2640
2475
2268
2042
1814
1611
1452
1351
1320
1359
1466
1632
1840
2070
2297
2502
2662
2761
2792
2752
2646
2480
2273
2044
1817
1614
1454
1353
1318
1361
1469
1635
1840
2070
2297
2500
2660
2761
2792
2751
2644
2477
2273
2045
1818
1613
1457
1352
1319
1360
1468
1635
1841
2069
2298
2502
2659
2760
2792
2751
2643
2478
2270
2040
1814
1609
1451
1349
1317
1356
1465
1633
1838
2066
2293
2494
2655
2757
2789
2748
2641
2474
2265
2038
1811
1605
1447
1345
1314
1352
1460
1629
1835
2064
2291
2495
2654
2755
2788
2746
2637
2470
2264
2037
1808
1606
1449
1348
1314
1354
1461
1628
1837
2064
2290
2494
2652
2755
2785
2746
2638
2475
2266
2038
1811
1608
1451
1347
1313
1355
1465
1633
1838
2066
2292
2497
2658
2756
2788
2747
2640
2474
2268
2039
1814
1607
1448
1345
1315
1356
1464
1630
1836
2066
2293
2496
2658
2759
2789
2749
2643
2476
2269
2034
1814
1611
1448
1347
1315
1354
1466
1632
1840
2069
2296
2498
2655
2759
2790
2750
2642
2477
2270
2041
1816
1612
1452
1349
1318
1358
1468
1635
1841
2067
2297
2499
2657
2758
2789
2749
2643
2475
2267
2040
1813
1609
1450
1350
1317
1359
1466
1631
1839
2068
2295
2499
2659
2759
2789
2749
2641
2473
2267
2038
1812
1608
1450
1347
1315
1356
1464
1631
1839
2068
2294
2497
2654
2756
2787
2751
2647
2482
2277
2047
1818
1611
1449
1347
1314
1356
1464
1629
1835
2064
2288
2489
2651
2754
2788
2750
2643
2474
2269
2043
1813
1607
1452
1345
1312
1353
1459
1625
1832
2061
2288
2492
2655
2755
2789
2749
2638
2473
2267
2039
1812
1608
1450
1346
1314
1354
1461
1628
1837
2067
2297
2502
2660
2760
2792
2752
2642
2476
2270
2043
1814
1610
1446
1346
1313
1354
1463
1632
1841
2069
2296
2499
2660
2760
2792
2751
2643
2476
2272
2045
1817
1611
1450
1351
1318
1359
1467
1634
1845
2070
2297
2500
2660
2761
2794
2753
2644
2477
2268
2038
1811
1611
1452
1353
1321
1361
1468
1633
1841
2069
2297
2499
2660
2759
2793
2751
2645
2478
2271
2041
1811
1607
1451
1348
1318
1363
1469
1636
1841
2067
2296
2500
2660
2762
2792
2746
2638
2470
2266
2040
1815
1613
1454
1355
1321
1357
1467
1629
1834
2063
2293
2500
2663
2764
2794
2751
2641
2471
2263
2038
1811
1608
1452
1350
1319
1359
1465
1630
1838
2067
2292
2496
2655
2755
2788
2748
2641
2476
2266
2040
1811
1606
1448
1347
1317
1360
1466
1633
1838
2065
2292
2495
2657
2760
2793
2752
2643
2475
2268
2039
1810
1607
1452
1350
1318
1359
1466
1635
1839
2067
2294
2496
2657
2759
2790
2751
2642
2476
2267
2041
1813
1610
1448
1347
1318
1357
1466
1633
1841
2069
2296
2499
2658
2759
2791
2750
2642
2477
2267
2040
1813
1610
1452
1351
1317
1357
1462
1631
1841
2068
2297
2501
2660
2760
2791
2747
2642
2473
2267
2041
1814
1609
1454
1348
1317
1359
1465
1632
1841
2070
2293
2499
2658
2758
2791
2751
2641
2476
2268
2039
1814
1611
1449
1346
1316
1356
1466
1631
1839
2068
2295
2499
2659
2757
2789
2747
2641
2472
2266
2041
1814
1610
1452
1348
1315
1356
1467
1638
1849
2077
2302
2503
2660
2757
2789
2750
2640
2472
2263
2035
1807
1604
1447
1346
1321
1362
1471
1637
1844
2071
2297
2498
2657
2754
2787
2749
2636
2470
2263
2035
1807
1604
1449
1349
1320
1361
1466
1635
1842
2068
2296
2497
2655
2756
2788
2748
2634
2471
2265
2037
1810
1610
1452
1350
1318
1357
1465
1634
1840
2064
2296
2500
2656
2758
2788
2751
2641
2475
2267
2038
1815
1612
1452
1352
1321
1359
1468
1634
1842
2070
2298
2500
2658
2758
2792
2749
2642
2478
2269
2042
1813
1610
1452
1350
1317
1359
1465
1634
1842
2070
2295
2498
2660
2761
2792
2751
2644
2477
2271
2043
1815
1611
1450
1351
1317
1358
1467
1633
1840
2070
2296
2501
2659
2761
2789
2751
2640
2474
2268
2041
1812
1611
1450
1350
1318
1358
1466
1632
1840
2065
2292
2496
2657
2760
2792
2750
2640
2473
2265
2035
1807
1604
1447
1347
1316
1356
1465
1632
1837
2065
2291
2493
2653
2756
2789
2748
2638
2468
2261
2035
1809
1607
1452
1347
1315
1355
1464
1632
1840
2068
2294
2498
2656
2757
2788
2748
2640
2463
2269
2043
1809
1606
1450
1344
1316
1356
1466
1632
1841
2070
2296
2498
2657
2755
2789
2749
2640
2472
2267
2040
1809
1607
1449
1349
1317
1359
1466
1631
1838
2067
2296
2499
2659
2759
2792
2751
2642
2475
2269
2042
1815
1610
1451
1350
1318
1360
1465
1634
1841
2069
2297
2501
2661
2758
2788
2748
2640
2475
2268
2041
1813
1610
1450
1348
1319
1359
1466
1634
1843
2070
2299
2502
2660
2760
2792
2751
2642
2474
2268
2040
1812
1610
1451
1350
1318
1357
1466
1632
1841
2068
2294
2500
2658
2757
2789
2748
2638
2474
2265
2037
1811
1607
1451
1350
1316
1355
1464
1629
1840
2068
2295
2496
2656
2760
2790
2747
2642
2479
2276
2046
1820
1613
1450
1349
1315
1354
1463
1632
1838
2064
2290
2491
2654
2752
2788
2749
2643
2473
2268
2041
1814
1607
1448
1345
1313
1355
1462
1627
1835
2063
2292
2495
2657
2757
2791
2750
2640
2474
2267
2040
1810
1606
1450
1346
1312
1353
1460
1629
1838
2065
2294
2497
2659
2758
2790
2748
2640
2473
2266
2037
1811
1608
1451
1347
1314
1355
1464
1632
1840
2069
2295
2500
2658
2760
2790
2750
2643
2476
2267
2040
1810
1608
1450
1347
1316
1359
1467
1635
1842
2070
2297
2501
2662
2761
2794
2752
2643
2475
2268
2040
1813
1610
1452
1350
1318
1359
1469
1635
1842
2069
2300
2502
2661
2761
2791
2752
2644
2474
2269
2038
1813
1610
1451
1349
1315
1358
1467
1633
1841
2067
2296
2499
2658
2757
2787
2747
2639
2471
2265
2039
1810
1606
1450
1342
1311
1351
1461
1628
1837
2065
2292
2495
2652
2753
2784
2743
2638
2473
2267
2038
1811
1607
1449
1347
1315
1355
1464
1631
1839
2070
2298
2499
2658
2759
2788
2748
2640
2470
2266
2040
1812
1608
1450
1345
1314
1354
1462
1628
1838
2068
2296
2499
2656
2756
2788
2745
2637
2470
2265
2034
1810
1607
1452
1347
1314
1355
1462
1633
1842
2068
2299
2501
2658
2758
2788
2748
2640
2473
2265
2038
1811
1608
1452
1348
1315
1355
1465
1633
1841
2071
2297
2500
2658
2758
2788
2748
2641
2474
2267
2039
1813
1608
1452
1349
1318
1359
1468
1633
1842
2069
2298
2500
2660
2758
2791
2747
2637
2472
2266
2039
1812
1609
1452
1348
1316
1359
1466
1635
1842
2071
2298
2504
2662
2761
2791
2749
2640
2474
2267
2039
1811
1607
1450
1346
1316
1357
1466
1632
1840
2068
2294
2499
2658
2758
2789
2748
2641
2475
2266
2036
1810
1609
1454
1350
1318
1360
1471
1640
1849
2078
2304
2502
2662
2762
2791
2749
2639
2470
2262
2033
1805
1602
1447
1348
1318
1360
1472
1637
1847
2073
2299
2501
2658
2757
2787
2745
2637
2471
2260
2033
1807
1603
1448
1347
1317
1358
1468
1632
1838
2068
2293
2496
2657
2756
2790
2746
2636
2466
2261
2034
1810
1608
1454
1349
1319
1358
1464
1634
1841
2070
2297
2500
2658
2755
2788
2745
2639
2472
2264
2038
1809
1604
1448
1347
1316
1358
1465
1633
1840
2068
2294
2499
2661
2760
2791
2750
2641
2472
2265
2038
1810
1612
1451
1352
1320
1360
1467
1634
1842
2069
2299
2504
2661
2761
2792
2749
2643
2475
2268
2042
1813
1611
1454
1348
1316
1360
1468
1635
1844
2072
2299
2501
2662
2761
2792
2750
2642
2477
2268
2041
1814
1611
1452
1351
1320
1362
1468
1635
1845
2074
2300
2504
2663
2763
2793
2741
2644
2480
2269
2041
1811
1608
1452
1352
1321
1363
1471
1638
1843
2071
2298
2498
2658
2757
2791
2747
2640
2472
2265
2037
1809
1609
1452
1349
1316
1354
1465
1631
1838
2068
2296
2500
2660
2756
2788
2746
2638
2472
2263
2036
1808
1604
1447
1345
1315
1358
1467
1634
1840
2068
2297
2497
2657
2757
2789
2748
2640
2473
2264
2035
1808
1605
1450
1346
1317
1357
1466
1633
1839
2067
2296
2500
2658
2759
2791
2748
2640
2472
2265
2037
1812
1607
1449
1349
1319
1360
1468
1635
1843
2072
2300
2501
2659
2761
2793
2751
2645
2477
2267
2041
1814
1611
1453
1352
1322
1363
1472
1637
1847
2074
2303
2504
2661
2761
2791
2748
2640
2474
2267
2043
1813
1611
1451
1349
1319
1358
1468
1636
1844
2072
2300
2501
2659
2760
2790
2752
2644
2475
2268
2041
1813
1608
1451
1352
1318
1357
1467
1633
1840
2072
2299
2501
2661
2760
2791
2750
2643
2481
2275
2050
1820
1613
1448
1349
1318
1357
1465
1633
1841
2065
2293
2493
2654
2755
2788
2751
2642
2475
2269
2039
1812
1607
1449
1347
1312
1352
1460
1627
1834
2065
2293
2494
2656
2756
2788
2746
2638
2471
2264
2034
1808
1604
1448
1346
1313
1351
1459
1627
1835
2064
2295
2498
2658
2760
2789
2747
2638
2471
2262
2036
1807
1604
1448
1346
1315
1353
1463
1628
1836
2068
2296
2502
2659
2756
2789
2744
2635
2470
2264
2037
1810
1608
1451
1347
1314
1358
1466
1635
1845
2074
2300
2504
2663
2760
2790
2747
2640
2475
2267
2042
1814
1609
1451
1349
1319
1360
1468
1638
1846
2075
2300
2500
2661
2760
2795
2754
2644
2476
2271
2041
1814
1613
1455
1350
1321
1360
1470
1636
1845
2072
2302
2503
2663
2761
2792
2750
2642
2475
2268
2043
1815
1609
1453
1351
1321
1360
1469
1636
1844
2072
2298
2499
2659
2758
2789
2746
2637
2473
2267
2038
1811
1609
1452
1346
1315
1355
1464
1634
1842
2070
2296
2497
2657
2757
2788
2744
2636
2471
2264
2034
1807
1604
1447
1344
1312
1355
1461
1629
1838
2067
2295
2498
2656
2759
2785
2746
2638
2469
2261
2035
1808
1605
1448
1344
1314
1354
1462
1630
1839
2067
2294
2499
2657
2757
2787
