2094
2083
2069
2058
2046
2035
2025
2016
2003
1992
1982
1975
1966
1958
1949
1938
1925
1916
1905
1895
1884
1877
1869
1862
1850
1837
1826
1816
1807
1799
1789
1784
1775
1767
1752
1742
1738
1729
1718
1713
1702
1694
1686
1679
1673
1665
1658
1648
1643
1635
1626
1621
1613
1605
1598
1595
1586
1576
1571
1564
1559
1555
1547
1540
1531
1528
1521
1517
1511
1509
1504
1500
1495
1491
1487
1484
1478
1473
1470
1466
1462
1460
1455
1456
1450
1453
1449
1445
1443
1438
1436
1434
1432
1432
1430
1429
1429
1426
1422
1422
1416
1412
1409
1402
1394
1390
1385
1384
1381
1380
1379
1380
1378
1377
1376
1374
1375
1374
1374
1376
1377
1378
1382
1381
1384
1386
1388
1388
1388
1390
1394
1398
1401
1407
1410
1413
1417
1421
1428
1431
1437
1439
1446
1449
1454
1457
1466
1470
1478
1484
1490
1498
1504
1509
1516
1522
1528
1538
1546
1555
1564
1573
1584
1591
1597
1605
1613
1622
1632
1645
1654
1659
1667
1676
1688
1705
1718
1728
1738
1747
1755
1766
1777
1789
1803
1814
1826
1835
1845
1855
1868
1882
1896
1906
1917
1931
1939
1950
1962
1974
1988
2003
2015
2026
2038
2047
2060
2071
2088
2100
2114
2129
2141
2152
2172
2187
2183
2194
2206
2222
2232
2243
2250
2260
2272
2281
2293
2305
2318
2328
2337
2348
2356
2366
2375
2384
2398
2409
2420
2429
2437
2447
2451
2460
2470
2478
2488
2497
2507
2512
2518
2525
2532
2540
2545
2554
2563
2573
2579
2586
2591
2599
2606
2612
2619
2626
2635
2640
2650
2659
2665
2664
2668
2670
2676
2677
2682
2686
2687
2689
2693
2694
2698
2702
2709
2715
2715
2721
2726
2728
2730
2731
2732
2731
2729
2729
2731
2731
2731
2733
2733
2735
2733
2735
2735
2733
2733
2732
2734
2731
2731
2729
2729
2726
2725
2723
2719
2718
2716
2715
2713
2710
2707
2705
2701
2699
2695
2692
2688
2684
2678
2671
2667
2663
2658
2655
2649
2643
2638
2634
2626
2620
2614
2608
2603
2597
2592
2585
2579
2572
2566
2560
2551
2543
2536
2527
2519
2514
2503
2495
2489
2482
2474
2466
2456
2446
2438
2430
2420
2414
2401
2392
2384
2375
2366
2357
2347
2337
2329
2319
2310
2300
2287
2278
2268
2257
2247
2238
2227
2216
2205
2194
2185
2173
2165
2155
2144
2133
2124
2109
2099
2090
2078
2067
2059
2049
2039
2030
2016
2007
1994
1981
1972
1962
1950
1939
1929
1917
1905
1898
1890
1882
1872
1860
1848
1838
1827
1816
1807
1801
1791
1782
1771
1761
1752
1741
1733
1726
1718
1708
1702
1690
1680
1671
1667
1658
1651
1643
1635
1627
1619
1611
1602
1593
1586
1580
1574
1572
1564
1555
1548
1542
1535
1530
1523
1520
1516
1508
1500
1498
1492
1486
1484
1479
1474
1473
1469
1465
1461
1456
1452
1450
1450
1448
1448
1447
1444
1440
1434
1432
1431
1431
1434
1433
1430
1430
1424
1424
1422
1420
1417
1412
1406
1400
1396
1391
1387
1386
1386
1385
1385
1387
1386
1384
1383
1383
1381
1385
1384
1384
1383
1386
1388
1390
1393
1396
1397
1399
1401
1406
1407
1409
1414
1419
1423
1425
1431
1435
1438
1442
1446
1451
1451
1457
1463
1468
1479
1483
1489
1492
1498
1505
1510
1518
1522
1532
1540
1549
1557
1565
1572
1581
1589
1597
1605
1615
1625
1633
1641
1651
1662
1671
1679
1687
1699
1711
1722
1735
1746
1756
1764
1774
1783
1794
1805
1811
1821
1832
1842
1856
1867
1880
1891
1905
1916
1928
1942
1956
1965
1978
1990
2001
2013
2023
2033
2042
2052
2062
2076
2089
2104
2116
2122
2145
2167
2189
2181
2190
2200
2213
2224
2235
2247
2256
2267
2276
2288
2297
2305
2315
2327
2337
2348
2360
2370
2381
2388
2399
2409
2420
2429
2439
2448
2453
2462
2472
2481
2490
2498
2509
2519
2527
2535
2540
2547
2555
2564
2572
2580
2587
2591
2599
2602
2609
2616
2624
2632
2640
2646
2650
2655
2659
2665
2673
2678
2683
2687
2691
2694
2695
2700
2705
2708
2714
2717
2722
2722
2726
2726
2728
2730
2734
2737
2739
2742
2742
2742
2741
2743
2745
2747
2748
2748
2747
2747
2746
2745
2744
2743
2740
2739
2740
2737
2736
2732
2729
2726
2726
2723
2722
2719
2715
2711
2707
2704
2701
2697
2697
2694
2685
2681
2675
2667
2666
2661
2658
2651
2647
2640
2632
2627
2618
2615
2608
2602
2594
2587
2581
2576
2567
2559
2551
2546
2536
2529
2522
2513
2503
2497
2489
2481
2473
2465
2455
2448
2438
2432
2420
2413
2407
2397
2387
2377
2366
2358
2348
2339
2331
2321
2309
2299
2290
2279
2269
2258
2249
2238
2228
2215
2205
2197
2186
2175
2167
2156
2145
2136
2125
2115
2102
2095
2084
2073
2063
2053
2042
2033
2022
2012
2002
1991
1982
1972
1961
1949
1940
1932
1921
1910
1903
1893
1881
1871
1863
1852
1843
1835
1826
1815
1806
1797
1787
1777
1769
1759
1749
1742
1731
1723
1713
1705
1697
1687
1678
1674
1666
1657
1647
1640
1634
1628
1620
1609
1600
1592
1585
1582
1575
1571
1566
1558
1550
1542
1536
1530
1526
1522
1517
1510
1501
1498
1492
1488
1483
1482
1479
1472
1469
1462
1457
1456
1454
1456
1448
1453
1450
1448
1449
1448
1441
1439
1434
1434
1430
1426
1421
1420
1419
1417
1414
1411
1406
1405
1398
1392
1390
1388
1383
1380
1378
1376
1376
1375
1375
1373
1372
1371
1369
1370
1372
1376
1379
1381
1382
1385
1386
1388
1388
1389
1392
1394
1397
1399
1403
1408
1409
1412
1417
1423
1430
1435
1440
1445
1449
1457
1459
1466
1472
1477
1481
1488
1496
1503
1509
1518
1524
1532
1541
1547
1555
1566
1572
1580
1589
1599
1608
1619
1629
1638
1647
1654
1664
1673
1684
1691
1704
1716
1727
1740
1749
1760
1770
1780
1793
1804
1815
1826
1839
1849
1861
1873
1883
1896
1909
1919
1933
1945
1958
1968
1980
1994
2005
2018
2029
2042
2055
2064
2077
2089
2100
2113
2124
2137
2152
2180
2180
2181
2194
2206
2218
2228
2241
2254
2262
2272
2283
2294
2301
2313
2323
2332
2344
2355
2364
2375
2384
2393
2399
2408
2420
2431
2439
2451
2456
2464
2471
2480
2489
2497
2507
2517
2526
2533
2539
2544
2552
2559
2569
2577
2580
2588
2595
2601
2608
2614
2617
2623
2632
2638
2644
2650
2654
2660
2663
2669
2674
2680
2685
2690
2692
2693
2698
2701
2704
2710
2713
2714
2719
2720
2721
2723
2727
2729
2728
2732
2733
2735
2737
2736
2738
2736
2739
2740
2743
2743
2741
2742
2740
2738
2737
2737
2736
2736
2735
2733
2730
2728
2726
2722
2720
2718
2716
2713
2710
2707
2704
2698
2695
2693
2689
2685
2680
2675
2668
2666
2660
2657
2651
2645
2639
2633
2625
2621
2612
2605
2601
2593
2586
2582
2575
2571
2560
2551
2543
2534
2528
2521
2515
2507
2499
2490
2481
2470
2461
2457
2446
2441
2432
2418
2407
2398
2390
2381
2371
2361
2352
2341
2330
2320
2310
2302
2292
2282
2271
2262
2251
2239
2229
2218
2210
2191
2195
2184
2173
2166
2157
2145
2133
2122
2111
2099
2088
2077
2067
2052
2038
2024
2010
2000
1992
1986
1979
1967
1958
1951
1940
1929
1918
1906
1894
1885
1874
1864
1854
1843
1832
1823
1815
1806
1797
1789
1778
1772
1762
1753
1742
1733
1723
1714
1704
1694
1684
1678
1673
1666
1658
1650
1645
1637
1628
1618
1614
1606
1597
1592
1585
1578
1572
1565
1559
1551
1543
1536
1528
1523
1519
1514
1511
1506
1505
1502
1495
1489
1487
1488
1487
1482
1473
1463
1455
1452
1455
1456
1455
1461
1452
1447
1441
1438
1434
1439
1438
1440
1438
1437
1432
1428
1426
1424
1421
1420
1418
1415
1409
1400
1394
1391
1389
1386
1387
1389
1387
1387
1384
1382
1380
1380
1382
1385
1387
1387
1388
1387
1390
1390
1390
1396
1398
1401
1406
1408
1410
1411
1413
1416
1423
1427
1432
1434
1440
1444
1445
1450
1455
1461
1469
1473
1477
1483
1488
1494
1501
1508
1516
1524
1531
1536
1542
1549
1558
1565
1575
1584
1595
1603
1612
1618
1625
1635
1647
1657
1668
1677
1684
1692
1703
1716
1727
1737
1746
1755
1766
1776
1785
1796
1810
1821
1836
1846
1858
1870
1882
1892
1902
1914
1928
1941
1952
1965
1974
1985
2001
2012
2024
2038
2049
2062
2074
2088
2099
2110
2123
2134
2146
2170
2186
2185
2195
2206
2218
2230
2239
2251
2264
2274
2284
2293
2305
2316
2326
2335
2343
2354
2365
2376
2388
2400
2409
2418
2428
2435
2443
2452
2461
2469
2477
2483
2493
2505
2517
2527
2532
2536
2543
2547
2557
2565
2577
2586
2595
2601
2604
2610
2613
2616
2625
2634
2642
2647
2653
2654
2658
2658
2665
2672
2677
2684
2687
2691
2694
2695
2697
2702
2709
2713
2719
2722
2723
2722
2724
2723
2725
2734
2736
2736
2736
2735
2733
2734
2735
2738
2743
2748
2751
2749
2746
2740
2734
2730
2729
2728
2734
2730
2732
2728
2721
2715
2714
2711
2715
2717
2715
2711
2708
2700
2693
2690
2686
2682
2680
2676
2670
2661
2656
2651
2647
2642
2640
2636
2631
2625
2619
2614
2609
2601
2594
2586
2580
2573
2565
2559
2551
2543
2536
2529
2521
2515
2507
2500
2494
2488
2478
2470
2461
2453
2444
2436
2425
2416
2406
2395
2388
2381
2372
2361
2354
2343
2333
2322
2314
2302
2295
2285
2274
2264
2252
2240
2230
2221
2213
2203
2193
2182
2171
2164
2152
2142
2133
2124
2112
2102
2092
2081
2070
2058
2047
2037
2026
2015
2005
1996
1985
1974
1964
1953
1942
1931
1921
1913
1902
1894
1885
1873
1863
1849
1840
1831
1822
1814
1803
1795
1784
1775
1764
1756
1747
1737
1728
1721
1708
1700
1693
1684
1677
1672
1661
1654
1645
1637
1629
1622
1614
1607
1600
1593
1585
1577
1568
1561
1556
1553
1544
1538
1532
1525
1521
1515
1508
1503
1500
1495
1490
1485
1479
1474
1474
1469
1466
1460
1457
1454
1456
1451
1448
1443
1440
1436
1434
1433
1430
1432
1430
1426
1426
1426
1425
1423
1422
1418
1417
1410
1407
1402
1393
1389
1387
1388
1385
1382
1379
1379
1378
1377
1376
1377
1377
1377
1377
1379
1381
1381
1385
1386
1382
1384
1388
1393
1394
1397
1398
1399
1404
1407
1413
1420
1425
1427
1431
1431
1435
1441
1448
1454
1459
1464
1467
1474
1480
1484
1495
1504
1511
1515
1519
1524
1533
1539
1547
1558
1567
1575
1581
1589
1598
1605
1614
1624
1633
1636
1654
1664
1671
1676
1684
1697
1708
1718
1728
1740
1748
1758
1768
1780
1790
1800
1811
1821
1834
1846
1858
1869
1880
1893
1905
1916
1926
1936
1948
1959
1971
1985
1998
2010
2021
2034
2045
2055
2067
2080
2096
2112
2127
2139
2152
2166
2191
2179
2186
2199
2211
2224
2237
2246
2253
2261
2270
2281
2290
2307
2320
2331
2343
2354
2358
2367
2379
2388
2399
2406
2416
2423
2431
2441
2449
2460
2467
2480
2491
2498
2507
2514
2525
2532
2537
2545
2552
2559
2568
2576
2581
2588
2593
2602
2609
2616
2622
2629
2635
2642
2649
2653
2660
2663
2667
2673
2677
2684
2688
2691
2696
2701
2703
2706
2711
2714
2718
2723
2726
2728
2730
2731
2733
2733
2737
2736
2738
2738
2740
2741
2742
2745
2746
2745
2745
2746
2746
2746
2745
2743
2743
2740
2738
2737
2735
2731
2732
2730
2725
2726
2723
2722
2718
2714
2709
2707
2701
2695
2696
2692
2692
2687
2681
2674
2669
2665
2659
2653
2649
2644
2637
2631
2626
2620
2613
2605
2597
2592
2585
2579
2571
2564
2557
2550
2543
2535
2523
2516
2509
2503
2495
2484
2475
2465
2459
2451
2440
2431
2421
2413
2405
2395
2385
2375
2366
2357
2347
2338
2329
2320
2307
2297
2288
2278
2269
2258
2251
2237
2228
2216
2207
2197
2187
2178
2167
2157
2147
2135
2125
2115
2103
2094
2083
2073
2062
2051
2039
2028
2019
2010
2001
1987
1976
1967
1957
1946
1936
1927
1916
1905
1898
1889
1878
1869
1859
1850
1842
1831
1821
1814
1803
1792
1782
1774
1765
1757
1749
1741
1732
1725
1713
1705
1695
1691
1680
1674
1668
1660
1650
1642
1635
1628
1621
1613
1602
1593
1586
1582
1578
1571
1567
1561
1551
1546
1537
1532
1528
1524
1518
1512
1506
1502
1498
1492
1487
1484
1482
1477
1473
1466
1464
1460
1459
1455
1453
1454
1449
1445
1443
1439
1438
1436
1437
1436
1433
1430
1430
1428
1426
1423
1423
1420
1417
1413
1403
1394
1390
1387
1383
1381
1379
1379
1379
1381
1381
1380
1379
1377
1377
1378
1384
1391
1390
1393
1392
1391
1391
1391
1393
1393
1397
1399
1399
1401
1404
1405
1408
1414
1423
1432
1438
1441
1447
1453
1456
1454
1460
1466
1473
1479
1482
1487
1493
1499
1508
1516
1526
1535
1543
1552
1557
1563
1570
1581
1592
1598
1607
1614
1621
1631
1640
1650
1662
1673
1683
1692
1705
1716
1724
1735
1744
1758
1767
1779
1789
1800
1811
1822
1833
1843
1857
1869
1884
1895
1906
1921
1931
1942
1956
1969
1980
1992
2005
2015
2028
2040
2053
2066
2079
2093
2104
2116
2130
2140
2155
2184
2192
2191
2201
2213
2224
2234
2246
2254
2265
2274
2284
2295
2304
2316
2328
2339
2349
2359
2369
2377
2386
2397
2409
2415
2427
2435
2444
2451
2457
2468
2479
2489
2497
2504
2513
2520
2528
2536
2541
2550
2559
2567
2574
2580
2585
2593
2598
2607
2611
2619
2625
2631
2634
2641
2647
2653
2658
2661
2665
2671
2677
2682
2685
2690
2692
2695
2698
2700
2707
2708
2712
2712
2716
2720
2722
2723
2725
2728
2729
2731
2731
2732
2734
2735
2736
2737
2735
2736
2735
2738
2736
2735
2737
2735
2733
2734
2732
2730
2728
2727
2725
2724
2723
2716
2715
2714
2711
2705
2703
2700
2698
2694
2694
2688
2685
2682
2677
2671
2665
2660
2656
2653
2646
2641
2636
2630
2623
2616
2611
2605
2594
2588
2588
2580
2573
2567
2560
2552
2543
2532
2527
2520
2512
2505
2497
2489
2479
2469
2460
2453
2445
2440
2430
2421
2410
2401
2391
2380
2368
2360
2350
2344
2334
2322
2313
2303
2293
2283
2274
2265
2254
2244
2232
2219
2209
2201
2193
2181
2169
2161
2150
2136
2126
2115
2108
2096
2087
2078
2066
2053
2042
2030
2020
2009
1998
1990
1980
1971
1960
1950
1939
1926
1914
1905
1899
1890
1880
1869
1858
1848
1839
1830
1820
1815
1809
1799
1789
1777
1765
1755
1744
1735
1724
1716
1705
1696
1684
1676
1671
1665
1658
1652
1648
1641
1633
1624
1616
1608
1598
1591
1582
1575
1567
1561
1553
1547
1540
1536
1531
1526
1522
1518
1513
1507
1503
1498
1491
1486
1480
1476
1471
1467
1463
1461
1458
1453
1452
1450
1449
1445
1445
1442
1441
1438
1436
1434
1429
1429
1428
1426
1425
1424
1425
1423
1420
1415
1411
1406
1398
1393
1391
1390
1387
1385
1382
1384
1382
1381
1379
1377
1379
1381
1381
1380
1380
1383
1386
1389
1389
1391
1391
1391
1392
1396
1400
1405
1409
1413
1417
1416
1420
1424
1427
1434
1440
1445
1451
1450
1454
1460
1464
1472
1478
1485
1493
1498
1505
1510
1517
1523
1532
1540
1547
1557
1565
1571
1578
1588
1596
1604
1611
1623
1628
1636
1646
1659
1668
1676
1685
1694
1705
1717
1725
1736
1744
1753
1765
1778
1790
1801
1811
1819
1835
1850
1864
1876
1886
1894
1902
1910
1926
1943
1957
1970
1977
1987
1997
2009
2021
2038
2051
2063
2074
2085
2097
2107
2115
2128
2143
2168
2186
2183
2193
2202
2212
2219
2230
2243
2257
2270
2281
2291
2299
2306
2318
2328
2340
2351
2365
2375
2383
2392
2399
2410
2423
2431
2440
2451
2458
2466
2475
2482
2491
2499
2508
2518
2528
2535
2541
2546
2554
2561
2572
2580
2586
2593
2602
2608
2613
2619
2625
2629
2638
2643
2649
2653
2659
2661
2667
2672
2677
2682
2685
2688
2692
2696
2700
2704
2709
2709
2712
2717
2723
2725
2725
2728
2730
2730
2733
2734
2735
2738
2737
2737
2739
2737
2743
2744
2745
2744
2742
2737
2736
2737
2737
2733
2732
2731
2729
2729
2726
2725
2724
2721
2716
2715
2713
2711
2709
2706
2703
2696
2694
2688
2682
2677
2672
2670
2668
2664
2659
2654
2650
2645
2640
2632
2624
2616
2612
2602
2594
2588
2581
2571
2564
2557
2554
2546
2539
2533
2525
2517
2509
2503
2496
2490
2479
2472
2460
2451
2437
2429
2420
2413
2405
2397
2389
2377
2369
2360
2350
2340
2332
2325
2313
2301
2291
2279
2268
2256
2247
2237
2229
2219
2208
2197
2187
2176
2168
2161
2149
2141
2129
2117
2105
2096
2083
2073
2063
2052
2044
2033
2021
2012
2002
1991
1981
1974
1960
1949
1942
1934
1922
1911
1901
1893
1882
1872
1863
1852
1845
1835
1826
1816
1807
1796
1783
1775
1767
1758
1749
1741
1731
1722
1713
1702
1691
1683
1675
1670
1662
1654
1647
1637
1631
1620
1616
1610
1601
1595
1589
1582
1575
1567
1560
1554
1549
1545
1538
1529
1522
1514
1512
1510
1506
1502
1495
1484
1479
1474
1469
1470
1467
1465
1461
1458
1455
1451
1452
1444
1438
1436
1438
1436
1436
1433
1433
1431
1427
1426
1424
1422
1423
1421
1420
1416
1410
1404
1393
1388
1389
1388
1389
1385
1383
1382
1377
1375
1375
1377
1378
1380
1383
1386
1389
1386
1383
1379
1369
1379
1386
1393
1400
1401
1403
1404
1404
1411
1410
1412
1419
1423
1430
1435
1438
1442
1446
1452
1456
1462
1466
1470
1475
1484
1493
1498
1506
1512
1514
1519
1525
1536
1546
1556
1567
1572
1579
1588
1593
1600
1612
1623
1631
1643
1652
1662
1670
1677
1684
1695
1706
1716
1728
1738
1751
1762
1772
1782
1793
1805
1815
1828
1839
1850
1860
1872
1888
1898
1907
1916
1931
1942
1956
1969
1979
1992
2006
2016
2030
2041
2052
2064
2072
2085
2096
2111
2126
2139
2153
2180
2185
2182
2193
2204
2216
2225
2240
2252
2264
2275
2283
2293
2301
2311
2322
2332
2345
2353
2361
2370
2380
2392
2402
2414
2423
2433
2439
2450
2454
2467
2480
2491
2503
2513
2518
2523
2527
2533
2542
2550
2558
2566
2570
2578
2579
2588
2597
2604
2613
2624
2630
2637
2641
2644
2648
2652
2658
2664
2670
2674
2677
2680
2681
2686
2690
2693
2700
2704
2707
2711
2714
2717
2720
2722
2725
2724
2727
2729
2730
2730
2733
2735
2738
2738
2741
2738
2741
2744
2744
2743
2744
2745
2741
2739
2737
2737
2734
2735
2731
2729
2727
2725
2725
2723
2722
2718
2713
2709
2707
2703
2699
2695
2693
2691
2687
2682
2676
2672
2667
2663
2658
2653
2647
2643
2637
2632
2625
2619
2613
2609
2600
2593
2586
2579
2569
2564
2558
2548
2542
2536
2528
2517
2509
2500
2495
2489
2481
2474
2466
2456
2446
2434
2425
2418
2410
2405
2394
2384
2372
2361
2351
2341
2332
2322
2315
2305
2294
2282
2272
2259
2249
2241
2230
2220
2211
2202
2188
2174
2168
2157
2149
2139
2129
2117
2107
2095
2085
2074
2063
2056
2042
2035
2023
2012
2003
1992
1979
1969
1958
1948
1938
1927
1914
1905
1898
1888
1877
1868
1858
1849
1840
1830
1820
1811
1801
1792
1782
1772
1763
1753
1744
1737
1729
1720
1711
1699
1691
1684
1675
1670
1661
1654
1646
1637
1630
1622
1616
1605
1596
1590
1583
1580
1574
1566
1560
1552
1546
1542
1534
1528
1522
1517
1512
1506
1501
1498
1492
1487
1483
1479
1475
1470
1465
1462
1458
1453
1456
1451
1451
1446
1442
1440
1438
1438
1437
1437
1436
1434
1429
1429
1426
1427
1427
1423
1422
1419
1415
1412
1403
1393
1390
1387
1383
1384
1383
1382
1381
1381
1382
1383
1379
1378
1380
1379
1381
1381
1381
1384
1387
1389
1388
1389
1394
1394
1398
1399
1403
1405
1410
1413
1417
1422
1427
1432
1437
1440
1446
1449
1456
1460
1464
1471
1479
1484
1490
1498
1505
1512
1518
1528
1538
1547
1555
1561
1566
1572
1580
1588
1595
1605
1609
1616
1624
1632
1642
1650
1664
1675
1685
1699
1708
1719
1729
1738
1747
1756
1765
1776
1787
1797
1808
1820
1831
1842
1855
1869
1883
1894
1908
1917
1929
1941
1953
1965
1973
1986
1998
2010
2020
2032
2045
2060
2071
2082
2095
2109
2120
2133
2148
2165
2186
2181
2191
2202
2212
2223
2234
2245
2258
2267
2277
2289
2300
2311
2324
2333
2343
2353
2364
2375
2383
2392
2402
2413
2423
2432
2440
2450
2457
2466
2476
2483
2493
2502
2511
2518
2526
2534
2540
2549
2556
2562
2569
2578
2586
2592
2597
2602
2611
2617
2626
2632
2638
2643
2651
2654
2658
2660
2667
2674
2679
2682
2687
2688
2691
2695
2697
2701
2708
2709
2709
2715
2718
2721
2722
2724
2727
2730
2731
2736
2738
2740
2741
2739
2741
2741
2733
2744
2746
2745
2745
2744
2743
2741
2740
2739
2738
2737
2736
2731
2729
2726
2725
2720
2715
2716
2714
2711
2707
2702
2696
2698
2692
2688
2684
2681
2677
2670
2664
2661
2656
2650
2645
2639
2633
2627
2620
2617
2609
2601
2596
2591
2584
2576
2570
2564
2554
2545
2539
2531
2522
2514
2510
2503
2493
2487
2476
2467
2457
2450
2447
2437
2428
2416
2408
2398
2387
2378
2369
2361
2352
2342
2331
2322
2312
2303
2293
2284
2272
2260
2250
2240
2231
2220
2210
2201
2189
2180
2168
2157
2147
2139
2130
2120
2107
2099
2089
2077
2066
2055
2044
2035
2023
2012
2002
1993
1984
1975
1965
1954
1943
1931
1918
1910
1902
1891
1880
1870
1859
1850
1840
1831
1820
1811
1801
1793
1783
1774
1766
1758
1747
1736
1727
1722
1711
1702
1694
1685
1678
1670
1662
1652
1648
1638
1632
1622
1615
1608
1601
1592
1587
1580
1575
1565
1559
1555
1549
1543
1540
1538
1534
1530
1521
1512
1503
1499
1492
1488
1483
1478
1472
1466
1458
1456
1453
1453
1457
1455
1451
1453
1449
1447
1443
1438
1436
1434
1430
1427
1427
1425
1422
1423
1419
1414
1414
1413
1411
1407
1397
1393
1388
1386
1386
1382
1380
1379
1376
1377
1375
1373
1374
1375
1377
1378
1380
1380
1382
1382
1384
1385
1389
1393
1395
1395
1398
1397
1401
1405
1407
1413
1419
1424
1427
1436
1439
1444
1449
1450
1455
1460
1467
1472
1476
1482
1489
1496
1502
1510
1517
1525
1534
1540
1548
1556
1563
1572
1581
1590
1598
1605
1613
1621
1629
1642
1649
1664
1671
1679
1688
1698
1709
1718
1728
1740
1750
1762
1772
1781
1791
1804
1814
1828
1839
1849
1861
1874
1885
1898
1908
1918
1930
1942
1956
1970
1980
1993
2004
2016
2028
2041
2052
2064
2076
2090
2100
2113
2125
2135
2148
2180
2182
2182
2195
2206
2216
2228
2239
2252
2262
2271
2280
2291
2302
2313
2322
2334
2343
2353
2362
2372
2382
2393
2403
2413
2422
2433
2439
2449
2455
2466
2476
2483
2493
2501
2508
2518
2525
2531
2539
2548
2556
2564
2572
2578
2585
2590
2597
2605
2613
2618
2625
2632
2634
2641
2646
2651
2656
2664
2668
2674
2677
2682
2687
2691
2694
2699
2704
2709
2708
2710
2712
2713
2719
2726
2731
2729
2728
2731
2736
2739
2744
2744
2741
2739
2739
2740
2743
2747
2751
2749
2745
2740
2737
2735
2738
2743
2742
2743
2738
2733
2728
2725
2722
2721
2721
2722
2718
2715
2711
2705
2699
2694
2694
2688
2685
2686
2679
2675
2669
2660
2655
2648
2646
2645
2640
2631
2625
2620
2611
2605
2597
2594
2589
2581
2574
2567
2558
2550
2543
2535
2529
2521
2513
2504
2492
2483
2476
2468
2462
2455
2449
2439
2425
2417
2407
2400
2389
2383
2376
2365
2355
2346
2337
2325
2313
2303
2292
2282
2272
2260
2251
2240
2226
2217
2207
2197
2189
2181
2173
2166
2155
2142
2130
2116
2101
2089
2077
2068
2058
2046
2035
2025
2016
2005
1993
1985
1977
1971
1962
1954
1940
1928
1915
1902
1888
1879
1870
1867
1857
1847
1835
1823
1811
1802
1797
1791
1783
1773
1760
1748
1738
1731
1722
1718
1708
1702
1694
1684
1677
1668
1659
1652
1645
1641
1633
1623
1613
1603
1594
1587
1582
1575
1572
1563
1557
1550
1544
1538
1532
1527
1522
1516
1514
1509
1506
1499
1496
1489
1484
1481
1478
1477
1472
1467
1455
1466
1460
1453
1455
1452
1453
1450
1447
1444
1444
1440
1438
1437
1433
1431
1428
