 39783
 40631
 42215
 42567
 43111
 43399
 43927
 44983
 46071
 47159
 48519
 49367
 50183
 51015
 51831
 52391
 53447
 54535
 55895
 56743
 57303
 58615
 59207
 59767
 61079
 61927
 62743
 63319
 64119
 65447
 1528 
 2136 
 2952 
 3512 
 4568 
 4888 
 5176 
 6472 
 7064 
 8120 
 9720 
 11096
 12216
 13048
 13352
 14408
 15240
 15288
 16568
 17928
 19304
 20152
 21736
 23112
 24488
 25336
 26152
 26728
 26504
 27000
 27800
 28104
 28632
 29176
 29720
 30024
 31320
 32168
 32984
 34312
 34920
 35720
 36792
 38648
 39528
 40104
 40648
 41192
 41480
 42024
 42568
 42600
 42344
 43096
 43144
 44168
 45512
 45592
 46888
 47736
 48040
 48568
 49368
 49416
 49688
 51240
 51336
 51336
 51080
 51320
 51592
 53400
 53768
 54056
 54584
 54616
 53848
 54824
 56168
 56760
 57560
 57864
 57640
 56856
 57576
 57352
 56584
 57304
 58360
 58936
 58984
 58728
 58968
 58728
 58712
 58968
 59240
 59768
 60312
 60088
 60072
 59560
 59016
 59240
 59256
 59256
 60024
 59816
 59288
 59256
 59000
 58216
 58168
 58168
 57400
 57608
 57880
 57640
 57880
 57384
 56584
 55512
 55688
 55704
 55704
 55960
 55208
 54136
 53304
 52744
 53224
 52984
 52968
 52712
 51928
 50856
 50536
 50008
 49720
 48936
 48888
 48104
 47288
 46984
 46200
 45128
 44808
 44280
 43976
 42936
 42616
 41832
 40760
 40440
 40152
 39624
 38568
 37736
 36920
 35592
 35256
 34712
 33144
 33304
 32296
 31208
 30616
 30328
 29032
 27672
 28104
 27352
 26024
 24152
 23016
 22936
 22680
 22152
 22120
 21352
 20792
 19992
 18664
 16520
 14600
 14232
 14456
 14216
 12408
 11528
 10968
 10408
 10120
 8824 
 7464 
 7128 
 6584 
 5528 
 4184 
 2568 
 2216 
 1160 
 328  
 65303
 65015
 64215
 63399
 62071
 60967
 60135
 59303
 58231
 57655
 57367
 55815
 55207
 53879
 53031
 52215
 51639
 50839
 49511
 47895
 48055
 47031
 45943
 45367
 44823
 43767
 42407
 41559
 40487
 40167
 39879
 39095
 38023
 36935
 36103
 34519
 34151
 33111
 32791
 31495
 30903
 30343
 29287
 29479
 28471
 28151
 26839
 26759
 26247
 25447
 24887
 24343
 22519
 21367
 21559
 20807
 20759
 21271
 21047
 19239
 18103
 16999
 16679
 16407
 16391
 16647
 16151
 15607
 14279
 13943
 13159
 12343
 13319
 13383
 12871
 12839
 11559
 11223
 9911 
 9831 
 10343
 11655
 11735
 11223
 10167
 9591 
 8535 
 8983 
 9015 
 9271 
 9543 
 9303 
 9031 
 8759 
 7975 
 7671 
 7895 
 8679 
 8727 
 9767 
 9575 
 8791 
 7975 
 7927 
 8167 
 8695 
 9239 
 9799 
 10343
 10375
 10119
 11127
 11447
 11719
 11991
 10983
 11175
 11191
 11447
 12231
 13559
 13895
 13415
 13639
 14423
 14983
 14759
 15767
 16855
 17431
 17991
 18791
 18839
 18583
 19079
 19623
 20935
 21527
 21575
 22343
 22903
 23447
 23735
 26055
 26967
 25751
 27463
 27319
 28583
 28663
 29431
 28455
 29687
 28471
 29687
 30263
 31335
 32167
 32983
 35079
 36503
 37095
 37895
 38471
 39527
 39847
 40375
 41175
 41735
 43063
 43911
 43959
 42935
 43895
 44983
 46071
 47671
 49063
 50167
 50487
 52055
 52663
 53463
 55303
 56455
 57031
 56807
 56791
 57815
 58391
 59207
 60023
 61351
 63223
 63847
 64919
 65495
 504  
 1560 
 2920 
 4280 
 5128 
 6472 
 6040 
 7032 
 7352 
 7880 
 8424 
 9736 
 10856
 11944
 13032
 13608
 14168
 14968
 16808
 17432
 17992
 19304
 20664
 21768
 22360
 22392
 22392
 22648
 23688
 25544
 26680
 27784
 28360
 29416
 29992
 30552
 31864
 32200
 32984
 34568
 34680
 35704
 35768
 37048
 37384
 37672
 38456
 39784
 40888
 41720
 42024
 42568
 43112
 43656
 44200
 45256
 45576
 46632
 47208
 47752
 48040
 48312
 48840
 49384
 49672
 49960
 50744
 51304
 51336
 51592
 52376
 52680
 54232
 54072
 54072
 54840
 55656
 55704
 55960
 56488
 56264
 56760
 57560
 58120
 57912
 58152
 58168
 57912
 58408
 57928
 59176
 60024
 60328
 59320
 57976
 58152
 58936
 60008
 60584
 60104
 60328
 60344
 60344
 59576
 59272
 58744
 58968
 59240
 59768
 60056
 60840
 59608
 58248
 57400
 57352
 57864
 57896
 58152
 58168
 57400
 56840
 56040
 55720
 55960
 55464
 55688
 54936
 54120
 53816
 53032
 52472
 52936
 52456
 51656
 51352
 50824
 50536
 49496
 48408
 47576
 47256
 46984
 46456
 46168
 45384
 44824
 44280
 43720
 43176
 42632
 41576
 41256
 40728
 39672
 39336
 38552
 37480
 36904
 35592
 35512
 34984
 34440
 33128
 32024
 31448
 31400
 30376
 30056
 29784
 28744
 27400
 26552
 25976
 25176
 24104
 23528
 22200
 21864
 20312
 19960
 19160
 17832
 17496
 16968
 16168
 15864
 13784
 13144
 12344
 11528
 10968
 9384 
 8776 
 7976 
 7672 
 6104 
 4984 
 3896 
 3320 
 2504 
 2200 
 904  
 65335
 65015
 63703
 62855
 61271
 61175
 59879
 59543
 58759
 57943
 57127
 55287
 54647
 54103
 53047
 52215
 51639
 50839
 50279
 48711
 47591
 46999
 46199
 44871
 44535
 44247
 43207
 42375
 41815
 41271
 40471
 39143
 37255
 36631
 36343
 35799
 36023
 35015
 33671
 32823
 32263
 31463
 29863
 28999
 28695
 27911
 28887
 28167
 27623
 26295
 25703
 24903
 24343
 24055
 24023
 22743
 22407
 21111
 20263
 19447
 19383
 19639
 19399
 19127
 18855
 19351
 18871
 18327
 17783
 16983
 15655
 14551
 13959
 13415
 13127
 12599
 11543
 11223
 11191
 10679
 11159
 10679
 10647
 10903
 11175
 11191
 11447
 10439
 9863 
 9575 
 9047 
 9015 
 8503 
 8215 
 7687 
 7911 
 7911 
 7911 
 7911 
 7911 
 8167 
 8183 
 8951 
 8999 
 9015 
 9015 
 9015 
 8759 
 8487 
 8215 
 8711 
 8743 
 8999 
 9271 
 9543 
 10071
 9847 
 9831 
 10087
 10615
 10647
 11415
 11975
 12007
 11751
 11735
 12759
 14103
 14967
 15015
 16039
 16871
 17687
 17495
 16455
 15879
 16359
 18167
 19559
 21703
 22087
 22119
 21863
 22103
 22631
 23943
 25303
 25895
 25943
 26199
 26471
 27511
 28087
 29143
 29719
 30279
 31335
 32423
 32231
 33239
 33815
 34631
 35703
 36535
 37351
 38423
 39527
 40871
 41463
 42519
 42599
 43879
 44471
 45271
 46087
 47175
 48007
 49335
 50183
 50503
 51799
 51879
 52647
 53975
 55079
 56183
 56759
 57559
 58631
 58711
 59479
 60807
 61399
 62711
 64839
 472  
 536  
 40   
 8    
 1288 
 3928 
 4856 
 5416 
 6744 
 6824 
 7848 
 8424 
 9224 
 10056
 11128
 11704
 13528
 14152
 14968
 15272
 16568
 17160
 17976
 18536
 19080
 20648
 21256
 21816
 22616
 23432
 24504
 25336
 25640
 26952
 28056
 28376
 29672
 30008
 30296
 31336
 31912
 32456
 33256
 33816
 34376
 34664
 35192
 36248
 37336
 38168
 38744
 39800
 40376
 40664
 41960
 42040
 42568
 43368
 44440
 44760
 44776
 45032
 45048
 47352
 48520
 48856
 49128
 49400
 48904
 48888
 50408
 51016
 51576
 52376
 53704
 53528
 53016
 53240
 53240
 53496
 53768
 55080
 56696
 57560
 57096
 56824
 56280
 55992
 57000
 58344
 59192
 60280
 60088
 59560
 59016
 58472
 58184
 58936
 59752
 60824
 60376
 60600
 60360
 59832
 59800
 60056
 60584
 60872
 61400
 60664
 60104
 59304
 59256
 59256
 59256
 59768
 60312
 59832
 59288
 58488
 57672
 57624
 57880
 58152
 58168
 58168
 57144
 56312
 55736
 55192
 52856
 56040
 55464
 54664
 54104
 53048
 52728
 52184
 52408
 52168
 52152
 51640
 50328
 48712
 48104
 48312
 47560
 47768
 47272
 46216
 44616
 43752
 41384
 41240
 41496
 42024
 42056
 41032
 39944
 38088
 36680
 36600
 35560
 35752
 35256
 34968
 33416
 32296
 31208
 31128
 30104
 28760
 28936
 27928
 26840
 25992
 25176
 24616
 23048
 21928
 21336
 20792
 20504
 20488
 18696
 17560
 16200
 15352
 14776
 14232
 14200
 13688
 13400
 12104
 11256
 9400 
 8776 
 7464 
 6104 
 3960 
 2808 
 1448 
 88   
 64519
 65223
 64743
 64199
 62375
 61751
 60951
 60135
 58279
 57911
 57895
 58407
 58183
 56631
 54743
 52055
 50359
 49479
 49175
 49415
 48919
 48631
 47319
 46215
 45383
 44311
 44247
 44743
 43495
 42903
 41591
 40231
 38615
 37991
 37959
 36935
 35847
 35783
 34999
 34183
 32599
 32503
 30951
 30599
 30327
 30311
 30055
 29783
 28487
 27383
 25767
 25415
 24887
 24599
 25095
 23847
 23511
 21687
 20551
 20231
 20215
 20967
 21271
 20023
 19943
 18647
 17287
 16951
 16423
 16903
 16423
 16391
 16391
 15623
 14551
 14471
 13959
 13927
 13927
 14695
 14231
 13687
 12887
 11815
 12007
 11495
 11719
 11735
 11479
 11463
 11207
 9911 
 9831 
 10087
 9847 
 10087
 10103
 9847 
 9319 
 8775 
 9511 
 10071
 10615
 10903
 9639 
 8535 
 8471 
 9495 
 10071
 10103
 9591 
 9815 
 10599
 10903
 10663
 10903
 10663
 10647
 10647
 11671
 12247
 12535
 13063
 12599
 12567
 12567
 13079
 14391
 14471
 14215
 14711
 14999
 15783
 16343
 16375
 17143
 16935
 17447
 18247
 18807
 19607
 19655
 20167
 20711
 21767
 22359
 23159
 23207
 23719
 24519
 25079
 26135
 26983
 27031
 27031
 28311
 28903
 29447
 30519
 30839
 31623
 32439
 33255
 33815
 34631
 36215
 36823
 37623
 38695
 39031
 40071
 41159
 41223
 42263
 43607
 45479
 45847
 46647
 47463
 47511
 48791
 50151
 50743
 52583
 53463
 53767
 54055
 54327
 54599
 55639
 57239
 58871
 59479
 61063
 62183
 62247
 63031
 63591
 64135
 680  
 2088 
 2952 
 3768 
 4584 
 5144 
 5704 
 6504 
 7832 
 9192 
 10296
 10888
 11944
 13032
 13864
 14184
 14968
 16552
 17416
 18248
 19320
 19896
 20440
 21240
 22568
 23432
 24504
 25336
 25384
 26680
 26760
 28040
 28888
 29192
 30760
 31112
 31640
 33208
 33816
 33608
 34360
 35176
 35736
 37048
 37128
 38680
 39288
 39832
 40632
 41192
 41736
 42040
 42568
 43368
 43672
 44968
 46072
 46648
 47208
 47752
 47016
 47224
 47752
 48808
 49896
 50728
 51304
 51592
 51352
 50312
 51272
 51848
 52904
 53480
 53512
 53528
 54040
 53560
 53784
 53544
 54040
 54840
 54888
 55912
 57256
 58104
 58920
 58472
 57928
 57384
 56328
 56520
 57544
 58632
 59480
 60040
 59560
 58504
 57928
 58152
 58680
 59224
 59256
 60024
 59560
 58504
 58184
 57656
 57624
 58392
 59976
 60840
 60888
 60632
 59592
 57992
 56872
 56296
 56248
 56248
 57272
 56056
 54696
 53848
 52264
 52936
 54504
 55624
 56216
 55992
 55208
 53368
 52744
 51944
 51368
 52104
 50616
 49240
 48904
 48120
 47800
 46760
 46184
 45896
 46136
 46408
 45912
 45624
 44584
 43496
 42904
 42360
 42584
 41320
 40728
 40440
 38872
 37240
 35608
 35512
 35752
 35512
 35240
 34968
 33672
 32568
 31736
 30904
 30344
 30056
 29528
 28728
 28424
 27640
 25784
 24392
 23800
 22728
 21640
 21576
 20552
 19720
 19928
 18392
 17016
 16424
 15624
 15320
 14264
 13432
 12104
 11000
 9640 
 8792 
 7720 
 7912 
 6376 
 5768 
 4968 
 3896 
 3064 
 2488 
 1176 
 72   
 64775
 63959
 62871
 62295
 62007
 61223
 59895
 57239
 56567
 56007
 56231
 55991
 54695
 53335
 52487
 52183
 50871
 49767
 48679
 48359
 47559
 46487
 45655
 44839
 43767
 42919
 41591
 40999
 39943
 39879
 38583
 36711
 36855
 35831
 35511
 35495
 34727
 33143
 32535
 31479
 30631
 29815
 28999
 28439
 28407
 28391
 27367
 26535
 25719
 24903
 24087
 23271
 22951
 22423
 21879
 21335
 21047
 20519
 19207
 18615
 18055
 17255
 17463
 17223
 16951
 15911
 15847
 15063
 14247
 14199
 13687
 13399
 13127
 12855
 12583
 12311
 12039
 11511
 11719
 11479
 11207
 10679
 10135
 10359
 10631
 9879 
 10087
 9847 
 9063 
 9015 
 8759 
 9255 
 9287 
 9031 
 9271 
 8519 
 8215 
 8455 
 8727 
 9255 
 9799 
 10087
 9335 
 6727 
 9383 
 9543 
 9303 
 10055
 11127
 10679
 10647
 10391
 10631
 10647
 11927
 11751
 12247
 12791
 12311
 12039
 12279
 12535
 13063
 13879
 14695
 14999
 15271
 15799
 15831
 16855
 16663
 17687
 17751
 18263
 19063
 19111
 19623
 19911
 20695
 21511
 22599
 22663
 23431
 23479
 23991
 24535
 25335
 25895
 26967
 27543
 28087
 28119
 28631
 29175
 29719
 31047
 31895
 32711
 33527
 33831
 34631
 35191
 35991
 37063
 37639
 38455
 40551
 41703
 41767
 41783
 42039
 42823
 43383
 44695
 45799
 46887
 48247
 49095
 49399
 49671
 51239
 51847
 52647
 54231
 54839
 55911
 56999
 57319
 57847
 59159
 59767
 60567
 61639
 62471
 64071
 64167
 64423
 65207
 488  
 1560 
 2920 
 3768 
 4584 
 5144 
 6472 
 7064 
 8120 
 9208 
 10040
 11128
 12984
 13352
 14152
 14968
 15528
 16328
 17144
 18472
 20104
 20968
 22040
 22376
 22392
 23160
 23976
 25816
 27208
 29096
 29976
 30296
 30568
 30584
 30072
 30808
 32392
 33256
 34072
 34136
 33880
 33352
 34600
 35960
 37064
 38920
 40072
 40648
 41960
 42296
 42840
 42872
 43384
 44440
 45016
 45560
 45848
 45880
 46136
 46152
 46664
 47976
 48568
 49624
 50712
 51304
 51592
 52376
 52424
 53448
 53512
 54040
 54072
 54584
 54104
 54840
 54632
 54616
 55128
 55160
 56184
 56760
 57048
 57320
 57848
 57624
 57624
 57880
 58408
 58440
 59208
 59000
 58984
 58728
 58712
 58456
 58696
 58968
 59240
 59512
 60040
 59816
 59288
 59256
 60024
 59816
 59544
 59528
 59016
 58216
 58424
 58696
 59736
 58776
 57432
 56584
 57560
 57608
 57880
 57896
 56616
 56536
 56776
 56536
 56264
 56248
 55224
 54392
 53576
 53528
 53528
 54040
 53304
 52232
 51400
 50312
 50504
 49752
 49448
 49176
 48648
 48360
 47560
 46232
 45896
 45368
 44312
 44504
 43992
 42936
 42360
 42072
 41288
 40472
 39912
 39608
 39336
 38296
 37208
 36376
 35048
 33928
 33864
 33096
 32536
 31224
 30872
 30344
 29544
 28728
 27144
 26792
 26248
 24936
 23832
 23256
 22184
 21096
 20776
 19736
 18904
 17816
 16216
 15352
 15032
 13992
 12904
 11816
 11496
 10440
 9096 
 8248 
 7688 
 6888 
 5544 
 4696 
 4136 
 2568 
 2216 
 1416 
 600  
 65319
 64247
 63143
 61799
 61463
 60423
 59847
 58775
 57943
 56871
 56295
 55479
 54407
 53319
 52231
 51911
 50599
 50007
 48951
 48631
 47831
 46247
 44615
 44007
 42935
 42359
 41047
 40455
 40167
 39111
 38279
 38231
 37719
 37431
 37671
 37175
 35863
 33735
 31543
 30391
 29543
 29751
 31047
 30871
 29319
 28199
 28391
 27879
 26823
 26759
 26247
 25447
 25143
 23335
 23223
 22695
 21895
 21591
 21319
 20791
 20503
 19975
 19687
 18631
 17799
 17751
 17495
 17223
 17207
 16695
 15639
 15319
 14775
 14231
 14455
 13703
 13655
 12887
 13095
 12855
 12583
 12311
 12295
 12039
 12279
 11255
 10423
 10375
 10631
 10135
 10871
 10663
 10391
 10119
 9335 
 9031 
 9271 
 9031 
 9015 
 9783 
 10087
 10103
 9847 
 9831 
 9319 
 9287 
 9287 
 9287 
 9799 
 10599
 10135
 9591 
 9559 
 10071
 10103
 10871
 11175
 11447
 11975
 12007
 11751
 12503
 12295
 12807
 13351
 13639
 13655
 14935
 14503
 14471
 14983
 15783
 16599
 17159
 17975
 18791
 17559
 18247
 18807
 19607
 20679
 21511
 22087
 22375
 22391
 23159
 22951
 25495
 27703
 29127
 29719
 27975
 28119
 28631
 28663
 29687
 29751
 30279
 32359
 32743
 32247
 32983
 33543
 33591
 35127
 36759
 38903
 40055
 41415
 42007
 42311
 43095
 43143
 43911
 44215
 45767
 46119
 46919
 47991
 48311
 49095
 50679
 51799
 52647
 54231
 55863
 56487
 57543
 58119
 59191
 59511
 60551
 61383
 62455
 63031
 64103
 64935
 472  
 1304 
 2392 
 3224 
 4040 
 4856 
 5928 
 7544 
 8664 
 9240 
 10568
 11416
 11976
 12264
 13560
 13640
 14168
 15736
 18136
 19560
 20936
 20248
 19704
 21192
 21800
 23896
 25304
 25896
 25944
 26200
 27496
 28344
 28904
 28424
 29944
 30280
 31592
 33464
 34344
 35176
 35224
 35224
 35224
 36504
 37096
 38152
 39512
 40360
 41944
 42296
 42840
 43128
 43400
 43672
 43688
 43944
 44984
 46072
 47160
 48776
 49384
 48648
 48616
 48088
 49080
 49912
 49960
 51000
 52600
 53208
 53496
 53512
 53016
 53240
 52984
 53992
 54312
 55112
 55928
 55976
 56232
 56248
 56504
 56776
 57304
 57080
 55528
 58504
 58184
 57400
 58120
 57400
 58120
 57912
 58664
 59480
 58760
 59224
 59512
 59272
 59000
 58728
 58968
 58472
 58440
 58696
 57944
 58664
 58200
 58168
 58424
 58184
 57912
 58152
 58168
 56888
 57064
 56808
 56280
 56248
 56248
 56248
 55480
 54920
 54888
 54376
 54344
 54600
 54872
 54632
 53848
 52264
 51656
 51096
 51064
 51320
 51592
 51864
 50856
 49512
 47640
 47016
 46712
 47208
 47752
 47784
 47016
 45432
 44056
 42696
 42088
 41544
 42280
 41560
 41512
 40488
 39400
 38040
 36936
 36872
 36104
 36568
 36072
 35272
 33688
 32056
 30680
 30584
 30328
 31336
 30376
 29544
 28216
 26344
 24936
 23576
 24008
 24792
 23560
 22216
 21096
 19752
 18904
 17816
 16728
 16408
 15880
 15336
 14264
 12664
 12312
 10760
 10152
 9592 
 9304 
 9032 
 8504 
 6424 
 5272 
 4424 
 3096 
 1480 
 344  
 24   
 8    
 65031
 63975
 62359
 60983
 60135
 59303
 57975
 57383
 57095
 56311
 55479
 54407
 53831
 52007
 51127
 50295
 49479
 48407
 48087
 47287
 45959
 44855
 44023
 43447
 42135
 41799
 41271
 40215
 39895
 39351
 37783
 36151
 35287
 34711
 33911
 33607
 33847
 32839
 31495
 30647
 30071
 28759
 29191
 28199
 27879
 27591
 27063
 26519
 25463
 23607
 22983
 21911
 22103
 21351
 21303
 20791
 19735
 18647
 18055
 17511
 17223
 17207
 17463
 17735
 17239
 16951
 16423
 15623
 15319
 14775
 14743
 14231
 13175
 12343
 11271
 10695
 9623 
 8791 
 8999 
 9015 
 9527 
 9559 
 9815 
 10343
 9863 
 9319 
 10055
 9847 
 10343
 9863 
 9319 
 8263 
 7943 
 7927 
 7655 
 7383 
 8391 
 8711 
 8743 
 8231 
 7943 
 8695 
 8983 
 9271 
 9287 
 10567
 10391
 10119
 10359
 9607 
 9559 
 9559 
 9815 
 10599
 10903
 10919
 11175
 11447
 12231
 13559
 14407
 14471
 13959
 13927
 14695
 16023
 16359
 16375
 16375
 16375
 17143
 17703
 18775
 18583
 19335
 19383
 19895
 21207
 21543
 22343
 23159
 23975
 23767
 24519
 25079
 25367
 25655
 26951
 27543
 28599
 28663
 28663
 29687
 29751
 31047
 32663
 33271
 33303
 34855
 35975
 36295
 36823
 37623
 37927
 38471
 39527
 40615
 41191
 42247
 42583
 43367
 43927
 44215
 45255
 46087
 46151
 47687
 48551
 49623
 50455
 52055
 53687
 54807
 55911
 56999
 57319
 56823
 57047
 58087
 58919
 60263
 62903
 63831
 64151
 65191
 232  
 520  
 1320 
 2648 
 4008 
 4856 
 5416 
 6488 
 6808 
 7080 
 8376 
 9992 
 11128
 12216
 12792
 13336
 14408
 14728
 15768
 17112
 18216
 19064
 19880
 19928
 20440
 20984
 21784
 23640
 25032
 25624
 27208
 28072
 28120
 28632
 28920
 29448
 29496
 31800
 32968
 33544
 34104
 33880
 34376
 35176
 35992
 37320
 37656
 38456
 39272
 39832
 40376
 40408
 40920
 42488
 44120
 44744
 46056
 46136
 45896
 46136
 46408
 47704
 48296
 49608
 50200
 50504
 51288
 51336
 51080
 50808
 52328
 52936
 53480
 54024
 54072
 54072
 53816
 53800
 54568
 55384
 55688
 56472
 56520
 56776
 56536
 57032
 57320
 57592
 57608
 58136
 58168
 58168
 57912
 58408
 58696
 58968
 58728
 58968
 58984
 58984
 59240
 59000
 58728
 58968
 58728
 58968
 58984
 59240
 59256
 59000
 58472
 58952
 58472
 57928
 57896
 57128
 56824
 57304
 57080
 57320
 56824
 56536
 56264
 55992
 55720
 54680
 54616
 54616
 54104
 54328
 53832
 53288
 52232
 51912
 51368
 51336
 51080
 50808
 50536
 49496
 49176
 48648
 47848
 47016
 47224
 46472
 46168
 45640
 44584
 43752
 43176
 42632
 41832
 41272
 40216
 39384
 39064
 38024
 37192
 36376
 35816
 35512
 35752
 35512
 33704
 32312
 31720
 31160
 31384
 30120
 28760
 28424
 27640
 26552
 25976
 25176
 24616
 23816
 23000
 22168
 21096
 19752
 19416
 18104
 17000
 16680
 15896
 15592
 14792
 13976
 13928
 13672
 12888
 11560
 9944 
 8808 
 7464 
 5592 
 4952 
 3896 
 2808 
 1448 
 600  
 64807
 63959
 62871
 62039
 61735
 61463
 60935
 60647
 59591
 58247
 56887
 56551
 54983
 53863
 52775
 51431
 50567
 49495
 48151
 47815
 47271
 46471
 45143
 45063
 44295
 43735
 44199
 43207
 41607
 39719
 37815
 37175
 36887
 36103
 36055
 33991
 33351
 32039
 31447
 31399
 31143
 30615
 30583
 29559
 28727
 27911
 27351
 27047
 26263
 25191
 24359
 24055
 22999
 22167
 21607
 21575
 20295
 19959
 20439
 19703
 19143
 18599
 15751
 18391
 17783
 17239
 16439
 16391
 14855
 14759
 13975
 14951
 14247
 13943
 13927
 13671
 12631
 12823
 11815
 11751
 11223
 11703
 11223
 11447
 10695
 10135
 10359
 10119
 10871
 10663
 10391
 9607 
 9303 
 9799 
 9063 
 9271 
 9543 
 10071
 10103
 9591 
 10071
 9847 
 9575 
 9047 
 9783 
 10343
 10375
 10631
 10647
 10903
 10407
 10887
 11175
 11447
 11719
 11479
 12487
 12295
 13063
 12855
 13095
 13111
 13623
 13655
 13911
 14439
 14983
 15783
 15575
 16071
 16871
 17175
 17463
 17735
 18519
 18567
 19847
 20439
 21239
 21799
 21335
 21815
 22615
 23431
 23991
 24535
 25591
 26167
 26983
 26519
 27767
 28359
 28391
 28135
 29143
 30743
 31879
 32455
 32999
 32775
 32775
 33543
 35127
 36503
 38119
 38471
 39015
 39047
 39047
 40327
 41175
 43015
 44167
 44999
 45559
 45591
 46375
 47703
 48039
 49335
 50951
 52087
 52407
 52679
 53207
 54519
 55367
 56711
 57815
 58391
 59719
 60567
 61127
 62183
 62247
 63287
 64887
 472  
 1560 
 1896 
 2936 
 3000 
 3512 
 5080 
 6456 
 6808 
 8104 
 8952 
 9768 
 10856
 11432
 12232
 13560
 13896
 15464
 16328
 17144
 17960
 18792
 19352
 20408
 22008
 22616
 23432
 24248
 24808
 25352
 25656
 26696
 28296
 30440
 30056
 30296
 31336
 31656
 32952
 33800
 34632
 35448
 36264
 37336
 37656
 37944
 38472
 39784
 39864
 40888
 41464
 41752
 42808
 43128
 43656
 44968
 45816
 46120
 46664
 46952
 47480
 48024
 49592
 49688
 49704
 49448
 50712
 51816
 52648
 52696
 52184
 52152
 53176
 53240
 54008
 54056
 54840
 55656
 56216
 55992
 57000
 56808
 56792
 57304
 57336
 58360
 57656
 57624
 58392
 58440
 59464
 59528
 59784
 60312
 59832
 59544
 58760
 59224
 59768
 59800
 60056
 60328
 59832
 60056
 59816
 59288
 59512
 60040
 60584
 61128
 60904
 61144
 60392
 59576
 58504
 57928
 57128
 57592
 57096
 56568
 55496
 55688
 54424
 54856
 54632
 54104
 54328
 54600
 54360
 53832
 53032
 52216
 51384
 51848
 52136
 52920
 53224
 51192
 48760
 47592
 47256
 46984
 45944
 45880
 45624
 46376
 46424
 46168
 45384
 44312
 42712
 42344
 41048
 40712
 40952
 40184
 39368
 37528
 35368
 34984
 35208
 35480
 34728
 34680
 33144
 32024
 31704
 31416
 30888
 30600
 29048
 27928
 27096
 26008
 24920
 24600
 24072
 23016
 21912
 21848
 21080
 20264
 19192
 18088
 17256
 16184
 15096
 14760
 13464
 12360
 11784
 10728
 9368 
 8520 
 7448 
 6872 
 5544 
 5720 
 4968 
 3896 
 3064 
 2744 
 1704 
 65383
 64503
 64695
 63943
 62871
 61527
 60679
 59351
 58743
 57943
 57127
 56311
 54967
 54375
 52807
 52455
 51399
 50567
 49495
 48407
 47831
 47527
 46487
 45655
 45095
 43015
 42631
 42087
 40775
 40695
 40167
 38855
 38519
 37223
 36119
 35543
 35239
 34455
 33639
 32567
 32247
 30935
 30343
 29031
 28695
 27143
 27815
 27335
 26535
 26231
 25447
 25143
 24615
 23047
 23207
 22439
 21879
 21591
 20807
 19735
 19415
 18871
 18583
 18567
 18055
 17511
 16711
 16151
 14839
 14999
 15015
 14503
 14215
 13431
 13127
 12599
 12055
 12279
 11767
 11223
 11447
 10695
 10135
 9847 
 10087
 10103
 9335 
 9543 
 9047 
 9015 
 9015 
 9271 
 8519 
 8727 
 8487 
 8471 
 8471 
 8215 
 8199 
 8199 
 7943 
 8439 
 8199 
 8711 
 9255 
 9543 
 9303 
 8775 
 8999 
 9271 
 9287 
 9287 
 10311
 10375
 10375
 10119
 11127
 11447
 11463
 12231
 12023
 12263
 12535
 12807
 13095
 13879
 13927
 14439
 14215
 15479
 15815
 16343
 17399
 17719
 18519
 18311
 18039
 18279
 19063
 19623
 21191
 22055
 22375
 22391
 22647
 23687
 24007
 24535
 25847
 26183
 27495
 27831
 28871
 29191
 29479
 29751
 30791
 31879
 32199
 33751
 34359
 35431
 36519
 36583
 37607
 37671
 37943
 39239
 39831
 41911
 43319
 43671
 43943
 44471
 44759
 45799
 46887
 48503
 49367
 50183
 50247
 51527
 51863
 52391
 53959
 54311
 55367
 56455
 57543
 58631
 59223
 60023
 60327
 60855
 62167
 63527
 64647
 456  
 792  
 1080 
 1608 
 2664 
 4520 
 5912 
 7800 
 7912 
 7912 
 8424 
 9224 
 9800 
 11624
 13016
 13864
 14952
 15784
 15832
 16600
 16904
 18216
 19576
 21448
 22072
 23144
 23720
 24776
 25352
 26680
 27528
 28856
 28424
 29688
 29752
 30024
 29528
 30264
 30568
 32120
 34264
 35160
 34968
 34952
 33160
 37400
 38952
 40328
 41688
 41512
 42024
 42312
 42584
 43112
 43400
 43160
 43144
 43912
 45496
 46104
 46152
 46152
 47176
 48008
 47800
 49576
 50200
 50760
 51048
 51832
 52136
 52664
 52440
 52168
 52664
 52952
 53480
 54280
 54600
 54616
 55128
 55416
 55432
 56200
 56760
 57304
 57336
 57336
 57336
 57080
 57320
 57336
 57848
 57880
 57640
 57880
 58664
 58456
 59208
 59512
 59272
 59512
 59784
 59288
 59256
 59256
 59512
 59272
 59000
 58984
 58216
 57656
 58136
 57656
 58136
 57656
 57624
 57112
 57080
 57320
 57336
 56824
 56536
 56264
 55736
 55448
 54920
 54376
 53832
 53800
 53288
 52744
 52968
 52200
 52408
 51144
 50808
 51048
 50296
 49992
 49208
 48392
 48088
 47544
 47000
 46456
 45656
 44840
 44792
 43752
 43176
 42632
 42600
 42088
 40776
 39416
 39576
 38568
 37992
 37192
 36632
 36088
 34760
 33656
 33080
 32536
 31992
 31176
 30872
 30088
 29528
 27960
 26840
 26248
 24936
 24088
 23784
 23496
 22456
 21368
 20792
 20248
 18936
 18328
 16248
 15096
 14248
 14456
 14728
 13720
 12632
 10008
 8824 
 7976 
 7672 
 7896 
 7912 
 6632 
 5016 
 2872 
 1976 
 888  
 312  
 65303
 65527
 64503
 63671
 62343
 60471
 59591
 58759
 58199
 57399
 56839
 56551
 55239
 53879
 52775
 51687
 51095
 50551
 49751
 48679
 47591
 46231
 45127
 44295
 43223
 43143
 42887
 41847
 41015
 39431
 38567
 38247
 37207
 36887
 35847
 35527
 34983
 33671
 32311
 32231
 31447
 30887
 30343
 29031
 29207
 28199
 27879
 28103
 26583
 24951
 24087
 24551
 23543
 23223
 22951
 22679
 21639
 21575
 20295
 19959
 19415
 19639
 18887
 18327
 18295
 18039
 16743
 16407
 15879
 16103
 15335
 14007
 13159
 12855
 13095
 13111
 12087
 10999
 10407
 11143
 12215
 13047
 13863
 13415
 12871
 11047
 9399 
 9031 
 9271 
 10311
 10119
 10871
 10663
 9879 
 9831 
 8551 
 8983 
 9271 
 10823
 10663
 10903
 9895 
 8807 
 8999 
 8759 
 8999 
 9271 
 10055
 10615
 10903
 10151
 10103
 9847 
 10599
 11159
 12215
 12791
 12311
 11527
 11991
 12007
 12775
 13335
 14151
 14711
 15255
 14775
 14743
 14999
 15015
 16039
 17127
 17959
 17767
 18519
 19079
 18855
 18839
 19095
 20391
 21495
 22583
 24455
 26615
 25975
 25943
 24663
 24839
 25879
 27223
 28071
 28375
 28391
 28647
 28407
 27879
 28871
 29447
 30519
 33399
 34343
 34919
 35719
 36535
 37351
 37911
 38471
 39271
 40087
 40135
 41159
 41223
 42007
 42823
 44151
 44743
 45799
 46887
 48503
 49623
 50199
 51271
 51847
 52391
 53959
 54567
 55383
 55687
 56471
 57543
 58119
 59191
 60023
 61095
 61671
 62471
 63815
 64919
 728  
 1832 
 2424 
 3992 
 4600 
 5400 
 5976 
 6520 
 7320 
 8648 
 9240 
 9800 
 11624
 12248
 13304
 13880
 14952
 16552
 17160
 18488
 19080
 19880
 20952
 21272
 22328
 23160
 24744
 25352
 26168
 26472
 27000
 28312
 29672
 30008
 30296
 31848
 32968
 33032
 33816
 34632
 35192
 35736
 36536
 37608
 38184
 39000
 39816
 40376
 40920
 42232
 42568
 43624
 44200
 45000
 45816
 45864
 46648
 47464
 47512
 48280
 49096
 49400
 49672
 49960
 50744
 51048
 51832
 52392
 52680
 52952
 53480
 54024
 54584
 55384
 55688
 55192
 55160
 55160
 55928
 57000
 58344
 57912
 58152
 57656
 57624
 58648
 58456
 58696
 58456
 58696
 58712
 58712
 59224
 59000
 58984
 59240
 59256
 59768
 60568
 60104
 60328
 60088
 59816
 59288
 59512
 59784
 59800
 59544
 59528
 58760
 57688
 57368
 57864
 57640
 57112
 57592
 57352
 57096
 57080
 56552
 55752
 54936
 54888
 54632
 54872
 54632
 54104
 53560
 52760
 52456
 52424
 52168
 51896
 51368
 50312
 50248
 49480
 47896
 48568
 48344
 48072
 48312
 46792
 45928
 44856
 44280
 43720
 43176
 42888
 42872
 42616
 41832
 40760
 39672
 38568
 37736
 37944
 37192
 37144
 36632
 35576
 34472
 33896
 32584
 32760
 31992
 30920
 30088
 29272
 28712
 28168
 27880
 26824
 25480
 25144
 23592
 23240
 22440
 21112
 20008
 19688
 19656
 18632
 17800
 16728
 15384
 14280
 13688
 13144
 12856
 11560
 10456
 9352 
 8008 
 7416 
 6344 
 5512 
 4696 
 3880 
 3320 
 2248 
 1672 
 360  
 65303
 64247
 62631
 61767
 61463
 60935
 59623
 59271
 58231
 57143
 56567
 55239
 54647
 53847
 53287
 52487
 51927
 50599
 48983
 45815
 46887
 46711
 45159
 44551
 44007
 42935
 42103
 41799
 41015
 39687
 38839
 36983
 36359
 35559
 34727
 34423
 33127
 32023
 31703
 30391
 30311
 29287
 28967
 28695
 28167
 27879
 28615
 27639
 26551
 24951
 23063
 22439
 22903
 22935
 22679
 21127
 20007
 20455
 20471
 20215
 20455
 20471
 19447
 18615
 17543
 16711
 15639
 15831
 15063
 14247
 13431
 12359
 12039
 11767
 11223
 11191
 11959
 12263
 12535
 12039
 12023
 11495
 10695
 10391
 10119
 9079 
 8759 
 8999 
 8503 
 7703 
 8167 
 7671 
 7639 
 7895 
 7911 
 7911 
 8679 
 8983 
 8759 
 9255 
 9287 
 8775 
 8743 
 8231 
 8455 
 8471 
 8471 
 8471 
 8215 
 8711 
 8999 
 9527 
 9559 
 10071
 10615
 10903
 11431
 11975
 12519
 12039
 12791
 12311
 12551
 12567
 13079
 13879
 14439
 14983
 15271
 16055
 15847
 16599
 17415
 17479
 18247
 19575
 19911
 20695
 20487
 21255
 21303
 21559
 22087
 23143
 24231
 24807
 24839
 25879
 26967
 27543
 28343
 28647
 29175
 29463
 30775
 31367
 31655
 32695
 34551
 34663
 35191
 35991
 36807
 38135
 38727
 39031
 40071
 40391
 41431
 42007
 43847
 44471
 45271
 45831
 46391
 47191
 47751
 49063
 50167
 50743
 51559
 52631
 53463
 54279
 54599
 55127
 56695
 57815
 58391
 59719
 61079
 61415
 61943
 62231
 63031
 63847
 65175
 1000 
 2104 
 3720 
 4584 
 4632 
 4904 
 5944 
 6520 
 7832 
 8936 
 10792
 11432
 12232
 13048
 13096
 13368
 13640
 15192
 17336
 19000
 19624
 19912
 19416
 19384
 20152
 20968
 22552
 23944
 25560
 26680
 27016
 28312
 28904
 29960
 31832
 32456
 32232
 31960
 31688
 31672
 32952
 34824
 36744
 38136
 39240
 39320
 38552
 39016
 39816
 41400
 42008
 43848
 44472
 44760
 44776
 44520
 45528
 45848
 47160
 48264
 49096
 49912
 49192
 49928
 49720
 49704